Protocol Version #Servers #Readers #Writers #Q RInt WInt RTot1Comm RTot2Comm RAve2comm RRatio RPercentage RAveTime WTot1Comm WTot2Comm WAve2comm WRatio WPercentage WAveTime
SIMPLE randInt 15 10 10 105 4 4 0 1107 221.4000 1.0000 100.00 8.4345 0 1121 224.2000 1.0000 100.00 8.4138
SIMPLE randInt 15 20 10 105 4 4 0 2237 447.4000 1.0000 100.00 8.4223 0 1110 222.0000 1.0000 100.00 8.4038
SIMPLE randInt 15 40 10 105 4 4 0 4448 889.6000 1.0000 100.00 8.4351 0 1115 223.0000 1.0000 100.00 8.3971
SIMPLE randInt 15 80 10 105 4 4 0 8936 1787.2000 1.0000 100.00 8.3849 0 1117 223.4000 1.0000 100.00 8.3597
SIMPLE randInt 15 10 20 105 4 4 0 1120 224.0000 1.0000 100.00 8.4047 0 2213 442.6000 1.0000 100.00 8.3673
SIMPLE randInt 15 20 20 105 4 4 0 2217 443.4000 1.0000 100.00 8.3723 0 2227 445.4000 1.0000 100.00 8.3377
SIMPLE randInt 15 40 20 105 4 4 0 4417 883.4000 1.0000 100.00 8.4701 0 2229 445.8000 1.0000 100.00 8.4485
SIMPLE randInt 15 80 20 105 4 4 0 8888 1777.6000 1.0000 100.00 8.4373 0 2230 446.0000 1.0000 100.00 8.4101
SIMPLE randInt 15 10 40 105 4 4 0 1105 221.0000 1.0000 100.00 8.4376 0 4481 896.2000 1.0000 100.00 8.4055
SIMPLE randInt 15 20 40 105 4 4 0 2214 442.8000 1.0000 100.00 8.5267 0 4421 884.2000 1.0000 100.00 8.5067
SIMPLE randInt 15 40 40 105 4 4 0 4422 884.4000 1.0000 100.00 8.4323 0 4451 890.2000 1.0000 100.00 8.4130
SIMPLE randInt 15 80 40 105 4 4 0 8892 1778.4000 1.0000 100.00 8.4414 0 4437 887.4000 1.0000 100.00 8.4162
SIMPLE randInt 15 10 80 105 4 4 0 1117 223.4000 1.0000 100.00 8.4534 0 8900 1780.0000 1.0000 100.00 8.4271
SIMPLE randInt 15 20 80 105 4 4 0 2223 444.6000 1.0000 100.00 8.4667 0 8869 1773.8000 1.0000 100.00 8.4363
SIMPLE randInt 15 40 80 105 4 4 0 4448 889.6000 1.0000 100.00 8.4369 0 8890 1778.0000 1.0000 100.00 8.4169
SIMPLE randInt 15 80 80 105 4 4 0 8907 1781.4000 1.0000 100.00 8.4368 0 8898 1779.6000 1.0000 100.00 8.4125
CWFR randInt 15 10 10 105 4 4 974 276 55.2000 .2208 22.08 5.1722 0 1123 224.6000 1.0000 100.00 8.3570
CWFR randInt 15 20 10 105 4 4 1991 507 101.4000 .2029 20.29 5.1404 0 1120 224.0000 1.0000 100.00 8.3891
CWFR randInt 15 40 10 105 4 4 3997 1002 200.4000 .2004 20.04 5.1276 0 1126 225.2000 1.0000 100.00 8.4173
CWFR randInt 15 80 10 105 4 4 7956 2040 408.0000 .2040 20.40 5.1173 0 1118 223.6000 1.0000 100.00 8.3778
CWFR randInt 15 10 20 105 4 4 976 274 54.8000 .2192 21.92 5.2027 0 2235 447.0000 1.0000 100.00 8.3741
CWFR randInt 15 20 20 105 4 4 1935 565 113.0000 .2260 22.60 5.2239 0 2228 445.6000 1.0000 100.00 8.4257
CWFR randInt 15 40 20 105 4 4 3940 1059 211.8000 .2118 21.18 5.2001 0 2216 443.2000 1.0000 100.00 8.4894
CWFR randInt 15 80 20 105 4 4 7680 2318 463.6000 .2318 23.18 5.2347 0 2248 449.6000 1.0000 100.00 8.3683
CWFR randInt 15 10 40 105 4 4 960 290 58.0000 .2320 23.20 5.2335 0 4467 893.4000 1.0000 100.00 8.3954
CWFR randInt 15 20 40 105 4 4 1900 599 119.8000 .2396 23.96 5.3185 0 4478 895.6000 1.0000 100.00 8.4273
CWFR randInt 15 40 40 105 4 4 3849 1148 229.6000 .2297 22.97 5.2810 0 4464 892.8000 1.0000 100.00 8.4709
CWFR randInt 15 80 40 105 4 4 7506 2489 497.8000 .2490 24.90 5.3665 0 4439 887.8000 1.0000 100.00 8.4748
CWFR randInt 15 10 80 105 4 4 956 294 58.8000 .2352 23.52 5.2757 0 8906 1781.2000 1.0000 100.00 8.4349
CWFR randInt 15 20 80 105 4 4 1906 591 118.2000 .2366 23.66 5.2877 0 8925 1785.0000 1.0000 100.00 8.4004
CWFR randInt 15 40 80 105 4 4 3807 1193 238.6000 .2386 23.86 5.3168 0 8892 1778.4000 1.0000 100.00 8.4675
CWFR randInt 15 80 80 105 4 4 7573 2421 484.2000 .2422 24.22 5.3237 0 8873 1774.6000 1.0000 100.00 8.4655
SSO_APRX randInt 15 10 10 105 4 4 755 488 97.6000 .3925 39.25 6.1658 408 806 161.2000 .6639 66.39 7.1072
SSO_APRX randInt 15 20 10 105 4 4 1457 1028 205.6000 .4136 41.36 6.2686 405 805 161.0000 .6652 66.52 7.0631
SSO_APRX randInt 15 40 10 105 4 4 3160 1822 364.4000 .3657 36.57 6.1028 399 816 163.2000 .6716 67.16 7.1560
SSO_APRX randInt 15 80 10 105 4 4 6156 3813 762.6000 .3824 38.24 6.0904 410 807 161.4000 .6631 66.31 7.0457
SSO_APRX randInt 15 10 20 105 4 4 595 638 127.6000 .5174 51.74 7.0743 314 1997 399.4000 .8641 86.41 7.9290
SSO_APRX randInt 15 20 20 105 4 4 1127 1349 269.8000 .5448 54.48 7.3358 297 2013 402.6000 .8714 87.14 8.0289
SSO_APRX randInt 15 40 20 105 4 4 2229 2699 539.8000 .5476 54.76 7.3414 267 2051 410.2000 .8848 88.48 8.0830
SSO_APRX randInt 15 80 20 105 4 4 4818 5062 1012.4000 .5123 51.23 7.1765 311 1998 399.6000 .8653 86.53 8.0530
SSO_APRX randInt 15 10 40 105 4 4 338 859 171.8000 .7176 71.76 9.5197 72 4378 875.6000 .9838 98.38 8.6084
SSO_APRX randInt 15 20 40 105 4 4 678 1708 341.6000 .7158 71.58 9.6476 85 4381 876.2000 .9809 98.09 8.6329
SSO_APRX randInt 15 40 40 105 4 4 1501 3310 662.0000 .6880 68.80 9.4100 91 4367 873.4000 .9795 97.95 8.5932
SSO_APRX randInt 15 80 40 105 4 4 2901 6718 1343.6000 .6984 69.84 9.3767 101 4409 881.8000 .9776 97.76 8.5551
SSO_APRX randInt 15 10 80 105 4 4 153 1008 201.6000 .8682 86.82 13.8173 5 8914 1782.8000 .9994 99.94 8.7074
SSO_APRX randInt 15 20 80 105 4 4 369 1972 394.4000 .8423 84.23 13.5501 9 8908 1781.6000 .9989 99.89 8.6727
SSO_APRX randInt 15 40 80 105 4 4 708 3940 788.0000 .8476 84.76 13.6350 6 8867 1773.4000 .9993 99.93 8.7011
SSO_APRX randInt 15 80 80 105 4 4 1301 7988 1597.6000 .8599 85.99 13.7074 7 8886 1777.2000 .9992 99.92 8.7005
