Protocol Version #Servers #Readers #Writers #Q RInt WInt RTot1Comm RTot2Comm RAve2comm RRatio RPercentage RAveTime WTot1Comm WTot2Comm WAve2comm WRatio WPercentage WAveTime
SIMPLE randInt 15 10 10 105 4 4 0 1250 250.0000 1.0000 100.00 2.4611 0 1250 250.0000 1.0000 100.00 2.4461
SIMPLE randInt 15 20 10 105 4 4 0 2500 500.0000 1.0000 100.00 2.4835 0 1250 250.0000 1.0000 100.00 2.4642
SIMPLE randInt 15 40 10 105 4 4 0 5000 1000.0000 1.0000 100.00 2.5106 0 1250 250.0000 1.0000 100.00 2.4866
SIMPLE randInt 15 80 10 105 4 4 0 10000 2000.0000 1.0000 100.00 2.4424 0 1250 250.0000 1.0000 100.00 2.4225
SIMPLE randInt 15 10 20 105 4 4 0 1250 250.0000 1.0000 100.00 2.4735 0 2500 500.0000 1.0000 100.00 2.4585
SIMPLE randInt 15 20 20 105 4 4 0 2500 500.0000 1.0000 100.00 2.4681 0 2500 500.0000 1.0000 100.00 2.4479
SIMPLE randInt 15 40 20 105 4 4 0 5000 1000.0000 1.0000 100.00 2.4939 0 2500 500.0000 1.0000 100.00 2.4795
SIMPLE randInt 15 80 20 105 4 4 0 10000 2000.0000 1.0000 100.00 2.4907 0 2500 500.0000 1.0000 100.00 2.4786
SIMPLE randInt 15 10 40 105 4 4 0 1250 250.0000 1.0000 100.00 2.4941 0 5000 1000.0000 1.0000 100.00 2.4698
SIMPLE randInt 15 20 40 105 4 4 0 2500 500.0000 1.0000 100.00 2.4936 0 5000 1000.0000 1.0000 100.00 2.4882
SIMPLE randInt 15 40 40 105 4 4 0 5000 1000.0000 1.0000 100.00 2.4856 0 5000 1000.0000 1.0000 100.00 2.4750
SIMPLE randInt 15 80 40 105 4 4 0 10000 2000.0000 1.0000 100.00 2.5316 0 5000 1000.0000 1.0000 100.00 2.5227
SIMPLE randInt 15 10 80 105 4 4 0 1250 250.0000 1.0000 100.00 2.4965 0 10000 2000.0000 1.0000 100.00 2.4706
SIMPLE randInt 15 20 80 105 4 4 0 2500 500.0000 1.0000 100.00 2.4981 0 10000 2000.0000 1.0000 100.00 2.4828
SIMPLE randInt 15 40 80 105 4 4 0 5000 1000.0000 1.0000 100.00 2.4741 0 10000 2000.0000 1.0000 100.00 2.4557
SIMPLE randInt 15 80 80 105 4 4 0 10000 2000.0000 1.0000 100.00 2.5228 0 10000 2000.0000 1.0000 100.00 2.5052
CWFR randInt 15 10 10 105 4 4 834 416 83.2000 .3328 33.28 1.7222 0 1250 250.0000 1.0000 100.00 2.4581
CWFR randInt 15 20 10 105 4 4 1754 746 149.2000 .2984 29.84 1.6643 0 1250 250.0000 1.0000 100.00 2.4427
CWFR randInt 15 40 10 105 4 4 3508 1492 298.4000 .2984 29.84 1.7119 0 1250 250.0000 1.0000 100.00 2.5056
CWFR randInt 15 80 10 105 4 4 6922 3078 615.6000 .3078 30.78 1.6874 0 1250 250.0000 1.0000 100.00 2.4534
CWFR randInt 15 10 20 105 4 4 845 405 81.0000 .3240 32.40 1.7017 0 2500 500.0000 1.0000 100.00 2.4799
CWFR randInt 15 20 20 105 4 4 1692 808 161.6000 .3232 32.32 1.7197 0 2500 500.0000 1.0000 100.00 2.4941
CWFR randInt 15 40 20 105 4 4 3417 1583 316.6000 .3166 31.66 1.7105 0 2500 500.0000 1.0000 100.00 2.4917
CWFR randInt 15 80 20 105 4 4 6838 3162 632.4000 .3162 31.62 1.7154 0 2500 500.0000 1.0000 100.00 2.4652
CWFR randInt 15 10 40 105 4 4 918 332 66.4000 .2656 26.56 1.6514 0 5000 1000.0000 1.0000 100.00 2.4833
CWFR randInt 15 20 40 105 4 4 1897 603 120.6000 .2412 24.12 1.6170 0 5000 1000.0000 1.0000 100.00 2.4696
CWFR randInt 15 40 40 105 4 4 3730 1270 254.0000 .2540 25.40 1.6646 0 5000 1000.0000 1.0000 100.00 2.5157
CWFR randInt 15 80 40 105 4 4 7396 2604 520.8000 .2604 26.04 1.6215 0 5000 1000.0000 1.0000 100.00 2.4259
CWFR randInt 15 10 80 105 4 4 1037 213 42.6000 .1704 17.04 1.5471 0 10000 2000.0000 1.0000 100.00 2.4748
CWFR randInt 15 20 80 105 4 4 2041 459 91.8000 .1836 18.36 1.5298 0 10000 2000.0000 1.0000 100.00 2.4291
CWFR randInt 15 40 80 105 4 4 4146 854 170.8000 .1708 17.08 1.5512 0 10000 2000.0000 1.0000 100.00 2.5001
CWFR randInt 15 80 80 105 4 4 8262 1738 347.6000 .1738 17.38 1.5452 0 10000 2000.0000 1.0000 100.00 2.4761
SSO_APRX randInt 15 10 10 105 4 4 723 527 105.4000 .4216 42.16 2.0537 262 988 197.6000 .7904 79.04 2.3334
SSO_APRX randInt 15 20 10 105 4 4 1389 1111 222.2000 .4444 44.44 2.0899 239 1011 202.2000 .8088 80.88 2.3530
SSO_APRX randInt 15 40 10 105 4 4 2657 2343 468.6000 .4686 46.86 2.1299 255 995 199.0000 .7960 79.60 2.3829
SSO_APRX randInt 15 80 10 105 4 4 5122 4878 975.6000 .4878 48.78 2.1256 258 992 198.4000 .7936 79.36 2.3634
SSO_APRX randInt 15 10 20 105 4 4 467 783 156.6000 .6264 62.64 2.4779 104 2396 479.2000 .9584 95.84 2.6240
SSO_APRX randInt 15 20 20 105 4 4 959 1541 308.2000 .6164 61.64 2.4398 87 2413 482.6000 .9652 96.52 2.5902
SSO_APRX randInt 15 40 20 105 4 4 1888 3112 622.4000 .6224 62.24 2.4915 90 2410 482.0000 .9640 96.40 2.6200
SSO_APRX randInt 15 80 20 105 4 4 3772 6228 1245.6000 .6228 62.28 2.4807 101 2399 479.8000 .9596 95.96 2.6080
SSO_APRX randInt 15 10 40 105 4 4 229 1021 204.2000 .8168 81.68 2.8786 28 4972 994.4000 .9944 99.44 2.6946
SSO_APRX randInt 15 20 40 105 4 4 483 2017 403.4000 .8068 80.68 2.9223 45 4955 991.0000 .9910 99.10 2.7095
SSO_APRX randInt 15 40 40 105 4 4 969 4031 806.2000 .8062 80.62 3.0003 23 4977 995.4000 .9954 99.54 2.7895
SSO_APRX randInt 15 80 40 105 4 4 2018 7982 1596.4000 .7982 79.82 2.9244 41 4959 991.8000 .9918 99.18 2.7379
SSO_APRX randInt 15 10 80 105 4 4 82 1168 233.6000 .9344 93.44 3.4437 38 9962 1992.4000 .9962 99.62 2.7302
SSO_APRX randInt 15 20 80 105 4 4 177 2323 464.6000 .9292 92.92 3.4519 23 9977 1995.4000 .9977 99.77 2.7488
SSO_APRX randInt 15 40 80 105 4 4 337 4663 932.6000 .9326 93.26 3.4809 19 9981 1996.2000 .9981 99.81 2.7636
SSO_APRX randInt 15 80 80 105 4 4 757 9243 1848.6000 .9243 92.43 3.4639 26 9974 1994.8000 .9974 99.74 2.7553
