Protocol Version #Servers #Readers #Writers #Q RInt WInt RTot1Comm RTot2Comm RAve2comm RRatio RPercentage RAveTime WTot1Comm WTot2Comm WAve2comm WRatio WPercentage WAveTime
SIMPLE randInt 10 10 10 45 4 4 0 1250 250.0000 1.0000 100.00 2.2027 0 1250 250.0000 1.0000 100.00 2.1825
SIMPLE randInt 10 20 10 45 4 4 0 2500 500.0000 1.0000 100.00 2.1935 0 1250 250.0000 1.0000 100.00 2.1525
SIMPLE randInt 10 40 10 45 4 4 0 5000 1000.0000 1.0000 100.00 2.1975 0 1250 250.0000 1.0000 100.00 2.1729
SIMPLE randInt 10 80 10 45 4 4 0 10000 2000.0000 1.0000 100.00 2.2280 0 1250 250.0000 1.0000 100.00 2.1978
SIMPLE randInt 10 10 20 45 4 4 0 1250 250.0000 1.0000 100.00 2.2483 0 2500 500.0000 1.0000 100.00 2.2288
SIMPLE randInt 10 20 20 45 4 4 0 2500 500.0000 1.0000 100.00 2.1890 0 2500 500.0000 1.0000 100.00 2.1502
SIMPLE randInt 10 40 20 45 4 4 0 5000 1000.0000 1.0000 100.00 2.2182 0 2500 500.0000 1.0000 100.00 2.1972
SIMPLE randInt 10 80 20 45 4 4 0 10000 2000.0000 1.0000 100.00 2.1812 0 2500 500.0000 1.0000 100.00 2.1534
SIMPLE randInt 10 10 40 45 4 4 0 1250 250.0000 1.0000 100.00 2.1679 0 5000 1000.0000 1.0000 100.00 2.1511
SIMPLE randInt 10 20 40 45 4 4 0 2500 500.0000 1.0000 100.00 2.1757 0 5000 1000.0000 1.0000 100.00 2.1477
SIMPLE randInt 10 40 40 45 4 4 0 5000 1000.0000 1.0000 100.00 2.1943 0 5000 1000.0000 1.0000 100.00 2.1648
SIMPLE randInt 10 80 40 45 4 4 0 10000 2000.0000 1.0000 100.00 2.2048 0 5000 1000.0000 1.0000 100.00 2.1801
SIMPLE randInt 10 10 80 45 4 4 0 1250 250.0000 1.0000 100.00 2.1749 0 10000 2000.0000 1.0000 100.00 2.1521
SIMPLE randInt 10 20 80 45 4 4 0 2500 500.0000 1.0000 100.00 2.2556 0 10000 2000.0000 1.0000 100.00 2.2225
SIMPLE randInt 10 40 80 45 4 4 0 5000 1000.0000 1.0000 100.00 2.2460 0 10000 2000.0000 1.0000 100.00 2.2088
SIMPLE randInt 10 80 80 45 4 4 0 10000 2000.0000 1.0000 100.00 2.1969 0 10000 2000.0000 1.0000 100.00 2.1652
CWFR randInt 10 10 10 45 4 4 807 443 88.6000 .3544 35.44 1.5837 0 1250 250.0000 1.0000 100.00 2.1570
CWFR randInt 10 20 10 45 4 4 1624 876 175.2000 .3504 35.04 1.5578 0 1250 250.0000 1.0000 100.00 2.1538
CWFR randInt 10 40 10 45 4 4 3165 1835 367.0000 .3670 36.70 1.6143 0 1250 250.0000 1.0000 100.00 2.2149
CWFR randInt 10 80 10 45 4 4 6414 3586 717.2000 .3586 35.86 1.5842 0 1250 250.0000 1.0000 100.00 2.1811
CWFR randInt 10 10 20 45 4 4 744 506 101.2000 .4048 40.48 1.6118 0 2500 500.0000 1.0000 100.00 2.1491
CWFR randInt 10 20 20 45 4 4 1525 975 195.0000 .3900 39.00 1.6196 0 2500 500.0000 1.0000 100.00 2.1909
CWFR randInt 10 40 20 45 4 4 2939 2061 412.2000 .4122 41.22 1.6069 0 2500 500.0000 1.0000 100.00 2.1216
CWFR randInt 10 80 20 45 4 4 5842 4158 831.6000 .4158 41.58 1.6327 0 2500 500.0000 1.0000 100.00 2.1729
CWFR randInt 10 10 40 45 4 4 761 489 97.8000 .3912 39.12 1.6499 0 5000 1000.0000 1.0000 100.00 2.2462
CWFR randInt 10 20 40 45 4 4 1561 939 187.8000 .3756 37.56 1.5973 0 5000 1000.0000 1.0000 100.00 2.1748
CWFR randInt 10 40 40 45 4 4 3082 1918 383.6000 .3836 38.36 1.6079 0 5000 1000.0000 1.0000 100.00 2.1867
CWFR randInt 10 80 40 45 4 4 6290 3710 742.0000 .3710 37.10 1.6473 0 5000 1000.0000 1.0000 100.00 2.2722
CWFR randInt 10 10 80 45 4 4 849 401 80.2000 .3208 32.08 1.5632 0 10000 2000.0000 1.0000 100.00 2.2337
CWFR randInt 10 20 80 45 4 4 1743 757 151.4000 .3028 30.28 1.5622 0 10000 2000.0000 1.0000 100.00 2.2478
CWFR randInt 10 40 80 45 4 4 3404 1596 319.2000 .3192 31.92 1.5726 0 10000 2000.0000 1.0000 100.00 2.2187
CWFR randInt 10 80 80 45 4 4 6821 3179 635.8000 .3179 31.79 1.5478 0 10000 2000.0000 1.0000 100.00 2.1970
SSO_APRX randInt 10 10 10 45 4 4 632 618 123.6000 .4944 49.44 1.7766 0 1250 250.0000 1.0000 100.00 2.1938
SSO_APRX randInt 10 20 10 45 4 4 1281 1219 243.8000 .4876 48.76 1.7598 0 1250 250.0000 1.0000 100.00 2.2000
SSO_APRX randInt 10 40 10 45 4 4 2526 2474 494.8000 .4948 49.48 1.7819 0 1250 250.0000 1.0000 100.00 2.2060
SSO_APRX randInt 10 80 10 45 4 4 5152 4848 969.6000 .4848 48.48 1.7502 0 1250 250.0000 1.0000 100.00 2.2065
SSO_APRX randInt 10 10 20 45 4 4 438 812 162.4000 .6496 64.96 1.9518 0 2500 500.0000 1.0000 100.00 2.2507
SSO_APRX randInt 10 20 20 45 4 4 879 1621 324.2000 .6484 64.84 1.9110 0 2500 500.0000 1.0000 100.00 2.1801
SSO_APRX randInt 10 40 20 45 4 4 1859 3141 628.2000 .6282 62.82 1.9003 0 2500 500.0000 1.0000 100.00 2.1955
SSO_APRX randInt 10 80 20 45 4 4 3610 6390 1278.0000 .6390 63.90 1.9451 0 2500 500.0000 1.0000 100.00 2.2457
SSO_APRX randInt 10 10 40 45 4 4 265 985 197.0000 .7880 78.80 2.1420 0 5000 1000.0000 1.0000 100.00 2.2556
SSO_APRX randInt 10 20 40 45 4 4 508 1992 398.4000 .7968 79.68 2.1040 0 5000 1000.0000 1.0000 100.00 2.2092
SSO_APRX randInt 10 40 40 45 4 4 950 4050 810.0000 .8100 81.00 2.1611 0 5000 1000.0000 1.0000 100.00 2.2450
SSO_APRX randInt 10 80 40 45 4 4 2026 7974 1594.8000 .7974 79.74 2.1320 0 5000 1000.0000 1.0000 100.00 2.2410
SSO_APRX randInt 10 10 80 45 4 4 93 1157 231.4000 .9256 92.56 2.2853 0 10000 2000.0000 1.0000 100.00 2.1980
SSO_APRX randInt 10 20 80 45 4 4 219 2281 456.2000 .9124 91.24 2.3288 0 10000 2000.0000 1.0000 100.00 2.2543
SSO_APRX randInt 10 40 80 45 4 4 407 4593 918.6000 .9186 91.86 2.3592 0 10000 2000.0000 1.0000 100.00 2.2790
SSO_APRX randInt 10 80 80 45 4 4 841 9159 1831.8000 .9159 91.59 2.3025 0 10000 2000.0000 1.0000 100.00 2.2294
